0 1
1 1
2 2
3 3
4 5
5 7
6 11
7 15
8 22
9 30
10 42
11 54
12 73
13 93
14 121
15 152
16 193
17 237
18 295
19 356
20 433
21 515
22 615
23 720
24 847
25 978
26 1131
27 1289
28 1470
29 1652
30 1860
31 2065
32 2293
33 2517
34 2761
35 2994
36 3246
37 3481
38 3729
39 3956
40 4192
41 4397
42 4609
43 4784
44 4959
45 5095
46 5226
47 5311
48 5392
49 5424
50 5448
51 5424
52 5392
53 5311
54 5226
55 5095
56 4959
57 4784
58 4609
59 4397
60 4192
61 3956
62 3729
63 3481
64 3246
65 2994
66 2761
67 2517
68 2293
69 2065
70 1860
71 1652
72 1470
73 1289
74 1131
75 978
76 847
77 720
78 615
79 515
80 433
81 356
82 295
83 237
84 193
85 152
86 121
87 93
88 73
89 54
90 42
91 30
92 22
93 15
94 11
95 7
96 5
97 3
98 2
99 1
100 1