0 1
1 1
2 2
3 3
4 5
5 7
6 11
7 15
8 22
9 30
10 42
11 55
12 74
13 95
14 124
15 157
16 200
17 248
18 310
19 378
20 463
21 556
22 669
23 792
24 939
25 1097
26 1281
27 1478
28 1703
29 1940
30 2208
31 2486
32 2795
33 3113
34 3460
35 3812
36 4191
37 4569
38 4970
39 5364
40 5776
41 6172
42 6580
43 6964
44 7352
45 7708
46 8060
47 8371
48 8672
49 8924
50 9160
51 9340
52 9499
53 9598
54 9673
55 9686
56 9673
57 9598
58 9499
59 9340
60 9160
61 8924
62 8672
63 8371
64 8060
65 7708
66 7352
67 6964
68 6580
69 6172
70 5776
71 5364
72 4970
73 4569
74 4191
75 3812
76 3460
77 3113
78 2795
79 2486
80 2208
81 1940
82 1703
83 1478
84 1281
85 1097
86 939
87 792
88 669
89 556
90 463
91 378
92 310
93 248
94 200
95 157
96 124
97 95
98 74
99 55
100 42
101 30
102 22
103 15
104 11
105 7
106 5
107 3
108 2
109 1
110 1