0 1
1 1
2 2
3 3
4 5
5 7
6 11
7 15
8 22
9 30
10 42
11 55
12 75
13 96
14 126
15 160
16 205
17 255
18 321
19 393
20 485
21 586
22 710
23 846
24 1012
25 1190
26 1402
27 1631
28 1897
29 2180
30 2507
31 2849
32 3238
33 3644
34 4096
35 4563
36 5079
37 5602
38 6172
39 6747
40 7363
41 7974
42 8624
43 9257
44 9921
45 10560
46 11217
47 11837
48 12470
49 13048
50 13629
51 14147
52 14654
53 15086
54 15502
55 15830
56 16134
57 16346
58 16525
59 16608
60 16660
61 16608
62 16525
63 16346
64 16134
65 15830
66 15502
67 15086
68 14654
69 14147
70 13629
71 13048
72 12470
73 11837
74 11217
75 10560
76 9921
77 9257
78 8624
79 7974
80 7363
81 6747
82 6172
83 5602
84 5079
85 4563
86 4096
87 3644
88 3238
89 2849
90 2507
91 2180
92 1897
93 1631
94 1402
95 1190
96 1012
97 846
98 710
99 586
100 485
101 393
102 321
103 255
104 205
105 160
106 126
107 96
108 75
109 55
110 42
111 30
112 22
113 15
114 11
115 7
116 5
117 3
118 2
119 1
120 1