0 1
1 1
2 2
3 3
4 5
5 7
6 11
7 15
8 22
9 30
10 42
11 55
12 75
13 97
14 127
15 162
16 208
17 260
18 328
19 404
20 500
21 608
22 740
23 887
24 1066
25 1263
26 1496
27 1753
28 2052
29 2377
30 2752
31 3155
32 3612
33 4102
34 4649
35 5228
36 5870
37 6542
38 7275
39 8038
40 8861
41 9705
42 10608
43 11524
44 12490
45 13462
46 14473
47 15474
48 16508
49 17516
50 18540
51 19525
52 20512
53 21440
54 22358
55 23200
56 24014
57 24740
58 25424
59 26002
60 26532
61 26944
62 27294
63 27523
64 27685
65 27718
66 27685
67 27523
68 27294
69 26944
70 26532
71 26002
72 25424
73 24740
74 24014
75 23200
76 22358
77 21440
78 20512
79 19525
80 18540
81 17516
82 16508
83 15474
84 14473
85 13462
86 12490
87 11524
88 10608
89 9705
90 8861
91 8038
92 7275
93 6542
94 5870
95 5228
96 4649
97 4102
98 3612
99 3155
100 2752
101 2377
102 2052
103 1753
104 1496
105 1263
106 1066
107 887
108 740
109 608
110 500
111 404
112 328
113 260
114 208
115 162
116 127
117 97
118 75
119 55
120 42
121 30
122 22
123 15
124 11
125 7
126 5
127 3
128 2
129 1
130 1