0 1
1 1
2 2
3 3
4 5
5 7
6 11
7 15
8 22
9 30
10 42
11 55
12 75
13 97
14 128
15 163
16 210
17 263
18 333
19 411
20 511
21 623
22 762
23 917
24 1107
25 1317
26 1569
27 1847
28 2175
29 2533
30 2951
31 3403
32 3923
33 4483
34 5118
35 5796
36 6557
37 7362
38 8255
39 9193
40 10222
41 11292
42 12455
43 13653
44 14941
45 16257
46 17656
47 19070
48 20560
49 22049
50 23601
51 25134
52 26715
53 28256
54 29828
55 31337
56 32857
57 34291
58 35716
59 37031
60 38318
61 39472
62 40579
63 41534
64 42425
65 43147
66 43792
67 44255
68 44632
69 44819
70 44916
71 44819
72 44632
73 44255
74 43792
75 43147
76 42425
77 41534
78 40579
79 39472
80 38318
81 37031
82 35716
83 34291
84 32857
85 31337
86 29828
87 28256
88 26715
89 25134
90 23601
91 22049
92 20560
93 19070
94 17656
95 16257
96 14941
97 13653
98 12455
99 11292
100 10222
101 9193
102 8255
103 7362
104 6557
105 5796
106 5118
107 4483
108 3923
109 3403
110 2951
111 2533
112 2175
113 1847
114 1569
115 1317
116 1107
117 917
118 762
119 623
120 511
121 411
122 333
123 263
124 210
125 163
126 128
127 97
128 75
129 55
130 42
131 30
132 22
133 15
134 11
135 7
136 5
137 3
138 2
139 1
140 1