0 1
1 1
2 2
3 3
4 5
5 7
6 11
7 15
8 22
9 30
10 42
11 55
12 75
13 97
14 128
15 164
16 211
17 265
18 336
19 416
20 518
21 634
22 777
23 939
24 1137
25 1358
26 1623
27 1920
28 2269
29 2656
30 3108
31 3603
32 4173
33 4797
34 5504
35 6272
36 7136
37 8064
38 9097
39 10202
40 11417
41 12705
42 14112
43 15589
44 17186
45 18854
46 20636
47 22481
48 24440
49 26446
50 28556
51 30701
52 32932
53 35178
54 37497
55 39803
56 42159
57 44480
58 46822
59 49099
60 51376
61 53551
62 55698
63 57719
64 59678
65 61481
66 63201
67 64732
68 66157
69 67375
70 68462
71 69322
72 70042
73 70517
74 70842
75 70922
76 70842
77 70517
78 70042
79 69322
80 68462
81 67375
82 66157
83 64732
84 63201
85 61481
86 59678
87 57719
88 55698
89 53551
90 51376
91 49099
92 46822
93 44480
94 42159
95 39803
96 37497
97 35178
98 32932
99 30701
100 28556
101 26446
102 24440
103 22481
104 20636
105 18854
106 17186
107 15589
108 14112
109 12705
110 11417
111 10202
112 9097
113 8064
114 7136
115 6272
116 5504
117 4797
118 4173
119 3603
120 3108
121 2656
122 2269
123 1920
124 1623
125 1358
126 1137
127 939
128 777
129 634
130 518
131 416
132 336
133 265
134 211
135 164
136 128
137 97
138 75
139 55
140 42
141 30
142 22
143 15
144 11
145 7
146 5
147 3
148 2
149 1
150 1