0 1
1 1
2 2
3 3
4 5
5 7
6 11
7 15
8 22
9 30
10 42
11 55
12 75
13 97
14 128
15 164
16 211
17 265
18 336
19 416
20 518
21 634
22 777
23 939
24 1137
25 1358
26 1623
27 1920
28 2269
29 2656
30 3108
31 3603
32 4173
33 4797
34 5504
35 6272
36 7136
37 8064
38 9097
39 10202
40 11417
41 12705
42 14112
43 15589
44 17186
45 18854
46 20636
47 22481
48 24440
49 26446
50 28556
51 30701
52 32932
53 35178
54 37497
55 39803
56 42159
57 44480
58 46822
59 49099
60 51376
61 53551
62 55698
63 57719
64 59678
65 61481
66 63201
67 64732
68 66157
69 67375
70 68462
71 69322
72 70042
73 70517
74 70842
75 70922