0 1
1 1
2 2
3 3
4 5
5 7
6 11
7 15
8 22
9 30
10 42
11 55
12 75
13 97
14 128
15 164
16 212
17 266
18 338
19 419
20 523
21 641
22 788
23 954
24 1159
25 1388
26 1664
27 1974
28 2342
29 2750
30 3231
31 3760
32 4374
33 5048
34 5820
35 6661
36 7617
37 8650
38 9810
39 11059
40 12448
41 13929
42 15565
43 17298
44 19192
45 21188
46 23349
47 25607
48 28037
49 30555
50 33239
51 36004
52 38926
53 41908
54 45038
55 48206
56 51499
57 54806
58 58214
59 61600
60 65064
61 68467
62 71911
63 75262
64 78618
65 81834
66 85023
67 88031
68 90971
69 93694
70 96314
71 98674
72 100905
73 102842
74 104616
75 106076
76 107350
77 108283
78 109021
79 109406
80 109583
81 109406
82 109021
83 108283
84 107350
85 106076
86 104616
87 102842
88 100905
89 98674
90 96314
91 93694
92 90971
93 88031
94 85023
95 81834
96 78618
97 75262
98 71911
99 68467
100 65064
101 61600
102 58214
103 54806
104 51499
105 48206
106 45038
107 41908
108 38926
109 36004
110 33239
111 30555
112 28037
113 25607
114 23349
115 21188
116 19192
117 17298
118 15565
119 13929
120 12448
121 11059
122 9810
123 8650
124 7617
125 6661
126 5820
127 5048
128 4374
129 3760
130 3231
131 2750
132 2342
133 1974
134 1664
135 1388
136 1159
137 954
138 788
139 641
140 523
141 419
142 338
143 266
144 212
145 164
146 128
147 97
148 75
149 55
150 42
151 30
152 22
153 15
154 11
155 7
156 5
157 3
158 2
159 1
160 1