0 1
1 1
2 2
3 3
4 5
5 7
6 11
7 15
8 22
9 30
10 42
11 55
12 75
13 97
14 128
15 164
16 212
17 267
18 339
19 421
20 526
21 646
22 795
23 965
24 1174
25 1410
26 1694
27 2015
28 2396
29 2823
30 3325
31 3883
32 4531
33 5249
34 6072
35 6978
36 8008
37 9134
38 10401
39 11779
40 13316
41 14975
42 16811
43 18780
44 20941
45 23246
46 25753
47 28409
48 31279
49 34298
50 37534
51 40917
52 44516
53 48252
54 52198
55 56265
56 60528
57 64891
58 69429
59 74037
60 78796
61 83588
62 88496
63 93398
64 98377
65 103303
66 108262
67 113117
68 117959
69 122645
70 127268
71 131680
72 135982
73 140021
74 143900
75 147468
76 150832
77 153840
78 156605
79 158976
80 161073
81 162745
82 164118
83 165046
84 165661
85 165821
86 165661
87 165046
88 164118
89 162745
90 161073
91 158976
92 156605
93 153840
94 150832
95 147468
96 143900
97 140021
98 135982
99 131680
100 127268
101 122645
102 117959
103 113117
104 108262
105 103303
106 98377
107 93398
108 88496
109 83588
110 78796
111 74037
112 69429
113 64891
114 60528
115 56265
116 52198
117 48252
118 44516
119 40917
120 37534
121 34298
122 31279
123 28409
124 25753
125 23246
126 20941
127 18780
128 16811
129 14975
130 13316
131 11779
132 10401
133 9134
134 8008
135 6978
136 6072
137 5249
138 4531
139 3883
140 3325
141 2823
142 2396
143 2015
144 1694
145 1410
146 1174
147 965
148 795
149 646
150 526
151 421
152 339
153 267
154 212
155 164
156 128
157 97
158 75
159 55
160 42
161 30
162 22
163 15
164 11
165 7
166 5
167 3
168 2
169 1
170 1