0 1
1 1
2 2
3 3
4 5
5 7
6 11
7 15
8 22
9 30
10 42
11 55
12 75
13 97
14 128
15 164
16 212
17 267
18 340
19 423
20 530
21 653
22 807
23 984
24 1204
25 1455
26 1761
27 2112
28 2534
29 3015
30 3590
31 4241
32 5011
33 5884
34 6905
35 8058
36 9399
37 10906
38 12645
39 14596
40 16831
41 19328
42 22175
43 25343
44 28933
45 32919
46 37408
47 42374
48 47945
49 54084
50 60937
51 68469
52 76836
53 86002
54 96146
55 107220
56 119424
57 132712
58 147295
59 163123
60 180436
61 199165
62 219575
63 241598
64 265508
65 291231
66 319070
67 348928
68 381135
69 415588
70 452626
71 492133
72 534480
73 579519
74 627644
75 678698
76 733078
77 790609
78 851717
79 916183
80 984456
81 1056297
82 1132153
83 1211759
84 1295586
85 1383314
86 1475430
87 1571588
88 1672265
89 1777077
90 1886522
91 2000147
92 2118463
93 2240983
94 2368196
95 2499572
96 2635614
97 2775715
98 2920386
99 3068977
100 3221974
101 3378675
102 3539579
103 3703901
104 3872144
105 4043480
106 4218379
107 4395965
108 4576721
109 4759683
110 4945342
111 5132692
112 5322195
113 5512802
114 5704989
115 5897627
116 6091204
117 6284561
118 6478161
119 6670812
120 6863003
121 7053470
122 7242727
123 7429496
124 7614272
125 7795765
126 7974504
127 8149147
128 8320262
129 8486509
130 8648451
131 8804754
132 8956032
133 9100919
134 9240077
135 9372167
136 9497854
137 9615830
138 9726822
139 9829506
140 9924673
141 10011041
142 10089416
143 10158566
144 10219363
145 10270579
146 10313152
147 10345915
148 10369824
149 10383773
150 10388788
151 10383773
152 10369824
153 10345915
154 10313152
155 10270579
156 10219363
157 10158566
158 10089416
159 10011041
160 9924673
161 9829506
162 9726822
163 9615830
164 9497854
165 9372167
166 9240077
167 9100919
168 8956032
169 8804754
170 8648451
171 8486509
172 8320262
173 8149147
174 7974504
175 7795765
176 7614272
177 7429496
178 7242727
179 7053470
180 6863003
181 6670812
182 6478161
183 6284561
184 6091204
185 5897627
186 5704989
187 5512802
188 5322195
189 5132692
190 4945342
191 4759683
192 4576721
193 4395965
194 4218379
195 4043480
196 3872144
197 3703901
198 3539579
199 3378675
200 3221974
201 3068977
202 2920386
203 2775715
204 2635614
205 2499572
206 2368196
207 2240983
208 2118463
209 2000147
210 1886522
211 1777077
212 1672265
213 1571588
214 1475430
215 1383314
216 1295586
217 1211759
218 1132153
219 1056297
220 984456
221 916183
222 851717
223 790609
224 733078
225 678698
226 627644
227 579519
228 534480
229 492133
230 452626
231 415588
232 381135
233 348928
234 319070
235 291231
236 265508
237 241598
238 219575
239 199165
240 180436
241 163123
242 147295
243 132712
244 119424
245 107220
246 96146
247 86002
248 76836
249 68469
250 60937
251 54084
252 47945
253 42374
254 37408
255 32919
256 28933
257 25343
258 22175
259 19328
260 16831
261 14596
262 12645
263 10906
264 9399
265 8058
266 6905
267 5884
268 5011
269 4241
270 3590
271 3015
272 2534
273 2112
274 1761
275 1455
276 1204
277 984
278 807
279 653
280 530
281 423
282 340
283 267
284 212
285 164
286 128
287 97
288 75
289 55
290 42
291 30
292 22
293 15
294 11
295 7
296 5
297 3
298 2
299 1
300 1