0 1
1 1
2 2
3 3
4 5
5 7
6 11
7 15
8 22
9 30
10 42
11 55
12 75
13 97
14 128
15 164
16 212
17 267
18 340
19 423
20 530
21 653
22 807
23 984
24 1204
25 1455
26 1761
27 2112
28 2534
29 3015
30 3590
31 4241
32 5011
33 5884
34 6905
35 8058
36 9399
37 10906
38 12645
39 14596
40 16831
41 19328
42 22175
43 25343
44 28933
45 32919
46 37408
47 42374
48 47945
49 54084
50 60937
51 68469
52 76836
53 86002
54 96146
55 107220
56 119424
57 132712
58 147295
59 163123
60 180436
61 199165
62 219575
63 241598
64 265508
65 291231
66 319070
67 348928
68 381135
69 415588
70 452626
71 492133
72 534480
73 579519
74 627644
75 678698
76 733078
77 790609
78 851717
79 916183
80 984456
81 1056297
82 1132153
83 1211759
84 1295586
85 1383314
86 1475430
87 1571588
88 1672265
89 1777077
90 1886522
91 2000147
92 2118463
93 2240983
94 2368196
95 2499572
96 2635614
97 2775715
98 2920386
99 3068977
100 3221974
101 3378675
102 3539579
103 3703901
104 3872144
105 4043480
106 4218379
107 4395965
108 4576721
109 4759683
110 4945342
111 5132692
112 5322195
113 5512802
114 5704989
115 5897627
116 6091204
117 6284561
118 6478161
119 6670812
120 6863003
121 7053470
122 7242727
123 7429496
124 7614272
125 7795765
126 7974504
127 8149147
128 8320262
129 8486509
130 8648451
131 8804754
132 8956032
133 9100919
134 9240077
135 9372167
136 9497854
137 9615830
138 9726822
139 9829506
140 9924673
141 10011041
142 10089416
143 10158566
144 10219363
145 10270579
146 10313152
147 10345915
148 10369824
149 10383773
150 10388788