0 1
1 1
2 2
3 3
4 5
5 7
6 11
7 15
8 22
9 29
10 40
11 51
12 68
13 85
14 109
15 134
16 167
17 200
18 243
19 286
20 340
21 393
22 457
23 519
24 593
25 662
26 742
27 816
28 900
29 974
30 1057
31 1127
32 1204
33 1265
34 1331
35 1379
36 1430
37 1460
38 1492
39 1502
40 1514
41 1502
42 1492
43 1460
44 1430
45 1379
46 1331
47 1265
48 1204
49 1127
50 1057
51 974
52 900
53 816
54 742
55 662
56 593
57 519
58 457
59 393
60 340
61 286
62 243
63 200
64 167
65 134
66 109
67 85
68 68
69 51
70 40
71 29
72 22
73 15
74 11
75 7
76 5
77 3
78 2
79 1
80 1