0 1
1 1
2 2
3 3
4 5
5 7
6 11
7 15
8 22
9 30
10 41
11 53
12 71
13 90
14 116
15 145
16 182
17 222
18 273
19 326
20 392
21 462
22 544
23 630
24 731
25 833
26 949
27 1067
28 1197
29 1326
30 1468
31 1603
32 1749
33 1887
34 2030
35 2161
36 2297
37 2414
38 2532
39 2630
40 2724
41 2794
42 2860
43 2897
44 2929
45 2934
46 2929
47 2897
48 2860
49 2794
50 2724
51 2630
52 2532
53 2414
54 2297
55 2161
56 2030
57 1887
58 1749
59 1603
60 1468
61 1326
62 1197
63 1067
64 949
65 833
66 731
67 630
68 544
69 462
70 392
71 326
72 273
73 222
74 182
75 145
76 116
77 90
78 71
79 53
80 41
81 30
82 22
83 15
84 11
85 7
86 5
87 3
88 2
89 1
90 1